8121,0,1
